1
1000
10014
10015
10016
10017
10018
10019
1002
10020
10021
10023
10024
10025
10028
10029
1003
10030
10031
10032
10033
10034
10035
10036
10037
10038
10039
1004
10040
10041
10042
10043
10044
10045
10046
10047
10048
10049
1005
10050
10051
10052
10053
10054
10055
10056
10057
10058
10059
1006
10060
10062
10063
10064
10066
10067
10068
10069
10070
10078
10079
1008
10082
10086
10087
10088
10089
10091
10092
10093
10095
10096
10097
10098
10099
1010
10103
10104
10106
10107
10108
10109
1011
10111
10114
10116
10117
10118
10119
1012
10120
10122
10124
10126
10127
10129
10137
1014
10140
10141
10142
10148
10149
1015
1016
1017
1018
10182
10184
10185
10186
10187
1019
10190
10192
10193
10195
10196
10197
1020
10200
10202
10203
10206
10207
10208
10209
1021
10211
10212
10213
1022
1023
10232
10233
10234
10235
10236
10237
10238
10239
1024
10240
10241
10245
10246
10247
1025
10251
10255
10258
1026
10260
10261
1027
1028
10282
10283
10284
10285
10286
10287
10288
1029
10291
10293
10294
10295
1030
1031
1032
1033
1034
1035
1036
10362
10365
10366
10367
10368
1037
10370
10371
10372
10373
10374
10375
10376
10377
10379
10382
1039
10398
10399
104
1040
10400
10401
10402
10403
10404
10405
10406
10407
1041
10412
1042
10421
10422
10423
10424
10429
1043
1044
10442
10449
1045
10450
10451
10453
10454
10455
10458
10459
1046
10460
10461
10462
10463
10465
10466
10469
1047
10470
10471
10472
10473
10474
10475
10476
10477
10478
10479
1048
10480
10482
10483
10484
10485
10489
1049
10490
10491
10492
10493
10494
10495
10496
10497
10498
1050
10500
10501
10506
10507
10508
10509
1051
10510
10511
10513
10514
10515
10516
10517
10518
10519
1052
10520
10521
10522
10523
10524
10525
10527
10528
10529
1053
10530
10531
10532
10533
10534
1054
10540
10543
10544
10546
1056
10566
1057
1058
10587
10589
1059
106
1060
10606
1061
10611
10613
10622
10623
10624
10625
10627
10629
10633
10634
10636
10637
10640
10642
10643
10644
10645
10646
10647
10648
10649
10651
10652
10653
10654
10655
10656
10662
10663
10664
10666
10667
10668
10670
10675
10676
10677
10678
10679
10682
10683
10684
10685
10686
10687
10688
10690
10691
10693
10695
10696
10697
10698
10699
107
10700
10701
10703
10705
10706
10707
10708
10709
10711
10712
10713
10714
10716
10717
10718
10719
10720
10722
10723
10724
10725
10726
10727
10728
10729
10730
10731
10732
10733
10734
10736
10737
10738
10740
10741
10742
10743
10744
10745
10746
10747
10748
10749
10750
10751
10753
10754
10755
10757
10758
10759
10760
10761
10762
10763
10764
10765
10766
10767
10768
10770
10771
10772
10774
10775
10776
10777
10778
10779
10780
10782
10783
10784
10785
10786
10787
10788
10789
10791
10792
10793
10794
10795
10796
10797
10798
10799
1080
10800
10801
10802
10803
10804
10806
10807
10809
10823
10825
10826
10827
10828
10848
10849
10850
10856
10857
10859
10860
10862
10864
10867
10868
10869
10873
10874
10884
10885
10886
10887
10889
1089
10891
10898
1090
10900
10901
10902
10903
10906
1091
10917
1093
1094
10940
1095
1096
10962
10963
10964
10968
1097
1098
1099
10991
10993
10994
10995
10996
10999
1100
11000
11001
11002
11007
11008
11010
11015
11023
11024
11025
11026
11027
11028
11029
1103
11031
11032
11033
11034
11036
11037
11040
11041
11042
11044
11065
11066
11067
11068
11069
11070
11074
1108
11082
11119
11120
11121
11124
1114
11142
11150
11151
11154
11155
11156
11159
1116
11160
11161
11162
11163
11164
11165
11166
11167
11168
11169
11170
11172
11173
11174
11175
11176
11178
1118
11180
11182
11183
11184
11186
11189
11190
11191
11192
11193
11194
11195
11197
11198
11199
11200
11201
11202
11203
11204
11205
11206
11207
11208
11209
1121
11210
11211
11212
11214
11215
11216
11217
11218
11219
11220
11221
11222
11223
11224
11225
11226
11227
11228
11233
11234
11236
11238
11240
11241
11242
11243
11244
11246
11247
11248
11249
11250
11251
11252
11253
11254
11255
11268
11269
11274
11275
11276
11278
11279
11280
11282
11283
11284
11285
11286
11291
11292
11293
11294
11295
11296
11297
11298
11299
11300
11301
11302
11303
11304
11305
11306
11307
11308
11309
1131
11310
11311
11312
11313
11314
11315
11316
11317
11319
11320
11321
11322
11323
11325
11326
11327
11331
11332
11333
11334
11335
11342
11345
11346
11347
11348
11349
11350
11352
11355
11356
11358
11360
11361
11362
11363
11365
11385
11387
11388
11389
11390
11391
11392
11394
11397
11403
11404
11405
11406
11408
11409
11410
11411
11412
11414
11415
11416
11418
11419
11420
11421
11422
11423
11424
11425
11426
11427
11430
11431
11433
11434
11435
11441
11443
11470
11473
11475
11476
11477
11479
11480
115
11500
11523
11525
11526
11531
11540
11560
11561
11562
11563
11564
11571
11572
11574
11575
11576
11577
11578
11579
11580
11582
11583
11584
11585
11586
11587
11588
11590
11591
11592
11593
11598
11599
116
11601
11602
11604
11622
11623
11624
11625
11626
11627
11628
11629
11631
11633
11635
11636
11637
11641
11643
11644
11645
11647
11648
11649
11650
11665
11667
11668
11669
11670
11671
11672
11673
11674
11675
11676
11677
11678
11679
1168
11680
11682
11683
11684
11685
11688
11689
11690
11691
11692
11693
11694
11695
11696
11697
11698
11699
117
11700
11701
11702
11703
11704
11705
11706
11707
11708
11709
11710
11711
11712
11713
11714
11715
11716
11717
11721
11722
11723
11725
11726
11746
11747
11748
11749
11750
11751
11752
11753
11755
11756
11757
11759
11798
11860
11880
11882
11883
11884
11885
11886
11887
11888
11889
11890
11891
11893
11894
11895
11896
11897
11898
11899
119
11900
11902
11903
11904
11906
11907
11912
11913
11918
11923
11924
11925
11926
11927
11928
11929
11937
1194
11961
11969
11987
11988
11989
11990
11991
11992
11993
11994
11995
11996
11997
11998
12
120
12017
12019
12020
12021
12042
12045
12050
12051
12052
12053
12054
12057
12072
12074
12076
12077
12078
12079
12080
12082
12083
12084
12095
12097
12098
12099
121
12100
12101
12121
12124
12125
12126
12146
12147
12148
12149
12150
12151
12152
12153
12154
12155
12156
12159
1216
12160
12163
12165
12166
12169
12170
12171
12172
12173
12174
12178
12179
12188
12191
12196
12197
122
12201
12202
12203
12204
12205
12206
12208
12209
12210
12211
12212
12213
12214
12216
12218
12220
12222
12223
12224
12225
12226
12227
12228
12229
12230
12231
12232
12233
12234
12235
12237
12238
12241
12242
12243
12244
12246
12247
12248
12249
12250
12251
12252
12253
12254
12255
12256
12257
12258
12259
12261
12262
12263
12264
12265
12266
12267
12268
12269
12270
12271
12272
12273
12274
12275
12276
12277
12278
12279
12280
12282
12283
12284
12285
12286
12287
12288
12289
12290
12291
12292
12294
12295
123
12300
12301
12302
12303
12304
12305
12306
12307
12308
12309
12311
12312
12313
12314
12315
12316
12317
12318
12319
12320
12323
12324
12325
12326
12327
12328
12329
12335
12336
12337
12338
12340
12341
12342
12343
12344
12345
12346
12348
12349
12350
12351
12354
12355
12362
12363
12364
12366
12368
12369
1237
12370
12372
12373
12375
12376
12377
12379
12382
12384
12385
12386
12387
12389
12393
12394
12395
12396
12397
12398
12399
124
12400
12402
12403
12404
12405
12406
12407
12408
12409
12410
12412
12413
12414
12415
12416
12417
12418
12419
12420
12421
12422
12424
12425
12435
12436
12437
12440
12441
12443
12444
12445
12446
12448
12449
12450
12451
12477
12478
12479
12480
12482
12483
12485
12487
12489
12509
12511
12513
12517
12518
12519
12520
12521
12523
12562
12564
12566
12567
12568
12569
1257
12570
12571
12572
12573
12574
12575
12577
12579
12580
12599
12600
12601
12602
12603
12604
12605
12606
12607
12608
12609
12610
12611
12612
12613
12614
12615
12616
12617
12618
12619
12620
12621
12622
12623
12624
12625
12626
12627
12628
12629
12630
12631
12632
12633
12634
12635
12639
12642
12643
12644
12648
12649
12650
12658
12659
12660
12661
12664
12665
12683
12684
12685
12686
12687
12688
12689
12690
12691
12692
12693
12694
12695
12696
12698
12701
12702
12703
12709
12711
12712
12713
12720
12721
12723
12724
12726
12728
12731
12737
12738
1274
12742
12743
12744
12745
12746
12747
12748
12749
12750
12751
12752
12753
12755
12756
12758
12759
12760
12761
12762
12763
12766
12767
12768
12769
12770
12771
12772
12773
12774
12775
12777
12778
12779
12780
12782
12783
12784
12785
12786
12787
12788
12795
12796
12798
12821
12823
1283
12844
12863
12864
12866
12868
12869
12870
12871
12872
12873
12874
12876
12877
12878
12879
12880
12882
12883
12884
12885
12886
12888
12889
1289
12890
12891
12911
1293
12931
12932
12933
12935
12936
12937
12938
12939
12941
12942
12944
12945
12949
12950
12951
12952
12953
12956
12957
12958
12959
1296
12960
12967
12968
12969
12970
12971
12972
12973
12974
12975
12976
12977
12978
12979
12980
12982
12983
12985
12986
12987
12988
12991
13
1300
13012
13013
13014
1302
13032
13033
13036
13037
13038
13039
13040
13041
13042
13043
13044
13045
13046
13047
13048
13049
13050
13051
13052
13053
13054
13055
13057
13058
13061
13062
13063
13065
13066
13067
13069
13071
13072
13073
13074
13077
13078
13080
13082
13086
13087
13089
13090
13094
13095
131
1310
13105
13106
13107
13108
13110
13111
13114
13115
13116
13117
13118
13119
13120
13122
13123
13126
13127
13128
13130
13131
13132
13133
13134
13135
13136
13137
13138
13139
13140
13141
13142
13143
13144
13145
13146
13147
13148
13149
1315
13150
13151
13152
13153
13155
13157
13159
1316
13160
13161
13162
13163
13164
13165
13166
13167
13168
13169
1317
13170
13171
13172
13174
13176
13178
13179
13180
13182
13183
13184
13185
13186
13187
13188
13189
13190
13191
13192
13193
13194
13195
13196
13197
13198
13199
13200
13201
13202
13203
13204
13205
13206
13207
13208
13209
1321
13210
13211
13212
13214
1325
13253
13255
13256
13257
13258
13259
1326
13260
13262
13263
13265
13266
13267
13268
13269
13270
13271
13272
13273
13275
13276
13278
13279
13280
13282
13283
13284
13301
13302
13303
13304
13305
13309
13311
13312
13313
13314
13317
1332
13321
13322
13324
13325
13327
13328
13330
13331
13332
13333
13336
13337
13338
13339
1334
13340
13341
13342
13343
13344
13345
13346
13347
13349
13350
13355
13360
13362
13363
13365
13366
13367
13368
13370
13371
13375
13376
13377
13384
13385
13388
13399
13400
13401
13402
13404
13405
13407
13409
13411
13412
13413
13414
13415
13416
13417
1342
13425
13426
13427
1343
13430
13431
13432
13433
13434
13435
13436
13437
13438
13439
1344
13440
13442
13443
13444
13445
13446
13447
13448
13449
13452
13453
13455
13456
13457
13458
13459
13460
13464
13467
13468
13469
13470
13474
13475
13476
13477
13478
13479
13480
13482
13483
13484
13485
13486
13490
13491
13494
13495
13498
13499
13501
13502
13503
13504
13506
13510
13511
13512
13515
13516
13517
13518
13522
13525
13526
13533
13537
13539
13549
13550
13551
13552
13560
13561
13562
13566
13567
13568
13569
13570
13571
13572
13573
13575
13576
13583
13584
13585
13595
13596
13597
13598
13599
13600
13601
13602
13603
13604
13606
13607
13608
13609
13610
13611
13612
13613
13614
13615
13616
13617
13618
13619
13620
13621
13622
13623
13624
13626
13627
13628
13629
1363
13630
13631
13634
13635
13636
1364
13659
13661
13662
13663
13664
13665
13666
13667
13668
13669
13670
13672
13674
13675
13676
13677
13678
13680
13682
13683
13684
13687
13688
13689
13692
13693
13694
13706
13707
13712
13714
13715
13716
13719
13720
13724
13725
13728
13731
13732
13739
13740
13741
13744
13746
13747
13749
13750
13751
13752
13753
13754
13755
13757
13760
13763
13766
13767
13768
13770
13771
13775
13777
13780
13789
13790
13793
13794
13795
13796
13797
13798
13799
13801
13803
13821
13822
13823
13824
13825
13826
13827
13829
13830
13831
13833
13834
13836
13838
13847
13848
13849
13850
13851
13853
13854
13855
13856
13858
13862
13864
13865
13866
13873
13874
13875
13876
13877
13878
13879
1388
13880
13882
13883
13884
13887
13888
13892
13893
13894
13895
13896
13898
139
13902
13903
13905
13906
13907
13908
13910
13912
13913
13914
13915
13916
13918
13919
13923
13924
13925
13927
13928
13929
13930
13932
13934
13935
13936
13937
13938
13941
13942
13945
13947
13948
13949
13950
13951
13952
13953
13954
13955
13956
13957
13958
13959
13960
13961
13962
13964
13965
13966
13967
13968
13969
13971
13972
13973
13974
13975
13976
13977
13978
13979
13980
13982
13983
13984
13985
13986
13987
13988
13989
13990
13991
13992
13993
13994
13995
13997
13998
13999
14
14001
14002
14003
14005
14006
14008
14009
14010
14011
14012
14013
14014
14015
14016
14018
14019
14020
14021
14022
14023
14024
14025
14026
14027
14028
14029
14030
14031
14032
14033
14034
14035
14037
14038
14039
14040
14041
14042
14043
14044
1406
14060
14061
14062
14063
14065
14067
14068
14069
14071
14072
14073
14075
14077
14078
14079
14080
14082
14084
14085
14086
14087
14088
14089
14090
14091
14092
14097
14099
141
14101
14105
14108
14109
14110
14111
14112
14114
14119
14122
14125
14126
14127
14128
14129
14130
14131
14132
14133
14134
14135
14136
14137
14138
14139
14140
14141
14142
14143
14144
14145
14148
14149
14150
14151
14152
14153
14154
14155
14156
14157
14158
14159
14160
14161
14162
14163
14165
14167
14168
14169
14170
14171
14172
14173
14174
14175
14176
14177
14178
14179
14180
14182
14183
14184
14185
14186
14187
14188
14189
14190
14191
14192
14194
14195
14196
14197
14198
14199
14200
14201
14202
14203
14204
14205
14206
14207
14208
14209
14210
14211
14212
14213
14214
14215
14216
14217
14218
14219
14220
14221
14222
14223
14224
14225
14226
14227
14228
14231
14232
14234
14236
14240
14241
14242
14243
14244
14245
14246
14248
14249
14250
14251
14252
14254
14256
14257
14258
14260
14265
14266
14269
14270
14276
14277
14279
14280
14283
14284
14287
14289
14292
14294
14295
14297
14299
14300
14301
14303
14304
14305
14306
14307
14308
14309
14310
14311
14312
14313
14314
14315
14316
14317
14318
14319
14320
14321
14322
14323
14324
14325
14326
14327
14329
14330
14331
14332
14333
14334
14335
14336
14338
14339
14340
14341
14343
14344
14345
14365
14366
14367
14368
14369
14370
14371
14372
14373
14374
14375
14376
14378
14379
14380
14382
14383
14384
14385
14386
14387
14388
14389
14390
14391
14392
14393
14394
14395
14409
14411
14416
14418
14420
14421
14423
14424
14425
14426
14428
14429
14430
14431
14432
14433
14434
14435
14437
14438
14439
14440
14441
14442
14443
14444
14445
14446
14447
14448
14449
14450
14451
14452
14453
14454
14455
14475
14476
14478
14479
14480
14482
14483
14484
14485
14486
14487
14488
14489
14490
14491
14492
14493
14494
14495
14496
14497
14498
14499
145
14500
14501
14502
14503
14504
14505
14506
14507
14508
14509
14510
14511
14512
14513
14514
14518
14519
14520
14521
14522
14523
14524
14525
14526
14527
14528
14529
14530
14531
14533
14534
14535
14536
14537
14538
14539
14540
14541
14542
14543
14544
14545
14546
14547
14548
14549
14550
14551
14552
14554
14555
14556
14557
14560
14566
1488
1496
15001
15003
15004
15005
15006
15008
15010
15011
15016
15017
15018
15022
15023
15029
15032
15033
15034
15037
15038
15039
15040
15041
15042
15043
15044
15045
15046
15047
15048
15049
15050
15051
15052
15053
15054
15055
15057
15058
15059
15060
15061
15062
15064
15067
15068
15070
15071
15073
15074
15079
15080
15082
15083
15084
15085
15086
15087
15088
15089
15090
15091
15094
15095
15096
15099
15100
15101
15102
15103
15104
15105
15106
15107
15108
15109
15111
15113
15114
15115
15116
15119
15120
15121
15123
15124
15125
15126
15127
15128
15129
15130
15131
15133
15136
15137
15138
15139
15140
15141
15142
15143
15144
15146
15147
15148
15149
15150
15151
15152
15153
15154
15155
15156
15157
15158
15159
15160
15161
15165
15169
15171
15172
15173
15174
15175
15176
15177
15178
15179
15180
15182
15183
15184
15185
15186
15187
15188
15189
15190
15192
15193
15194
15195
15196
15197
15198
15199
1520
15200
15201
15203
15204
15206
15207
15208
15209
15210
15211
15212
15217
15218
15221
15223
15224
15225
15226
15227
15228
15230
15231
15232
15233
15234
15235
15236
15237
15238
15239
15240
15241
15242
15243
15244
15245
15247
15248
15249
15250
15251
15252
15253
15254
15255
15259
15260
15262
15263
15265
15266
15269
15270
15271
15272
15274
15275
15277
15298
15299
1530
15300
15301
15302
15303
15304
15305
15306
15307
15308
15309
15310
15311
15312
15313
15314
15315
15316
15317
15318
15319
15320
15321
15322
15323
15325
15326
15327
15329
1533
15330
15331
15332
15333
15334
15335
15336
15337
15338
1534
15340
15341
15342
15343
15344
15345
15346
15347
15348
15349
1535
15350
15351
15352
15354
15355
15356
15358
15359
15360
15361
15362
15363
15364
15365
15371
15372
15374
15375
15376
15378
15379
15380
15382
15383
15384
15385
15389
15391
15392
15393
15394
15398
15401
15402
15409
1541
15410
15412
15414
15417
15421
15423
15424
15426
15427
15428
15429
1543
15430
15431
15432
15433
15434
15435
15436
15437
1544
15440
15441
15445
15446
15448
15449
15450
15451
15452
15453
15454
15455
15457
15458
15461
15462
15464
15465
15466
15467
15468
1547
15472
15473
15474
15479
1549
15490
15492
15493
15494
15495
15496
15497
15498
15499
155
15500
15501
15502
15503
15504
15505
15508
15510
15511
15513
15516
15517
15518
15519
1552
15520
15521
15522
15523
15524
15526
15527
15528
15529
1553
15530
15531
15532
15533
15534
15535
15537
1554
15540
15541
15543
15544
15545
15546
15547
15551
15552
15553
15554
15556
15557
15559
1556
15560
1557
15574
15575
15576
15577
15578
15579
1558
15580
15582
15583
15584
15588
15589
1559
15590
15591
15592
15595
15596
15597
15598
15599
1560
15600
15601
15602
15603
15604
15605
15606
15607
15608
15609
1561
15610
15612
15613
15614
15615
15618
15619
1562
15620
15621
15622
15623
15624
15628
15629
1563
15632
15633
15634
15635
15636
15637
15638
15639
1564
15640
15642
15643
15644
15645
15646
15647
15649
1565
15650
15651
15653
15655
15657
15658
15659
1566
15660
15661
15662
15663
15664
15665
15666
15667
15668
15669
1567
15670
15671
15672
15673
15674
1568
15682
15685
15689
1569
15692
15695
15697
15698
1570
15703
15704
15705
15709
1571
15710
15711
15712
15713
15715
15716
15718
15719
1572
15720
15722
15723
15724
15725
15727
15728
15729
1573
15730
15731
15732
15733
15734
15735
15737
15738
15739
1574
15740
15741
15742
15743
15744
15745
15746
15747
1575
15750
15751
15752
15753
15754
15755
15758
15759
1576
15760
15761
15762
15763
15767
15769
1577
15771
15772
15773
15777
15778
1578
15780
15782
15783
15784
15786
15787
15788
15789
1579
15790
15791
15793
15794
15795
15796
15799
1580
15800
15801
15802
15803
15806
15807
15808
15809
1582
15820
15821
15822
15824
15825
15826
15829
1583
15830
15831
15832
15835
15836
15837
15838
15839
1584
15840
15841
15842
15843
15844
15845
15846
15847
15848
15849
1585
15850
15853
15855
15856
15857
15858
15859
1586
15860
15862
15863
15865
15867
15868
15869
1587
15870
15871
15872
15873
15874
15875
15876
15878
15879
1588
15880
15882
15883
15884
15885
15886
15887
15888
15889
1589
15890
15891
15892
15893
1590
15900
15901
15903
15905
15906
15907
15908
15909
1591
15910
15911
15912
15913
15914
15915
15916
15917
15918
15919
1592
15920
15921
15922
15923
15924
15925
15926
15927
15928
15929
1593
15930
15931
15932
15933
15934
15935
15938
15939
1594
15940
15941
15942
15943
15944
15946
15948
15949
1595
15950
15951
15952
15953
15954
15955
15956
15957
15958
15959
1596
15965
15967
15969
1597
15971
15972
15973
15974
15975
15976
15977
15978
15979
1598
15980
15982
15983
15984
15988
15989
1599
15992
15993
15994
15995
15996
15997
15999
1600
16001
16002
16003
16004
16005
16006
16007
16008
16009
1601
16010
16011
16013
16015
16016
16017
16018
16020
16021
16022
16024
16026
16027
16028
16029
1603
16030
16031
16032
16033
16034
16035
16036
16037
16039
1604
16040
16041
16042
16043
16045
16046
16047
16048
16049
1605
16050
16051
16052
16053
16054
16055
16056
16057
16058
1606
16060
16061
16062
16063
16064
16065
16066
16067
16068
16069
1607
16071
16072
16073
16074
16076
16077
16078
16079
16080
16082
16083
16084
16085
16086
16087
16088
16089
1609
16090
16091
16092
16093
16094
16100
16101
16102
16103
16106
16107
16108
16109
16110
16111
16112
16113
16114
16115
16116
16117
1612
16122
16124
16125
16127
16129
16131
16132
16133
16134
16135
16137
16138
16139
16140
16141
16142
16144
16145
16147
16148
16151
16153
16154
16155
16156
16157
16158
16159
1616
16161
16162
16163
16164
16165
16166
16167
16168
16169
16170
16171
16172
16173
16174
16175
16176
16177
16178
16179
1618
16180
16182
16183
16185
16186
16187
16188
16189
16190
16191
16192
16193
16194
16195
16196
16197
16198
16199
16200
16201
16202
16203
16204
16205
16206
16207
16208
16209
1621
16210
16211
16212
16213
16214
16215
16216
16218
16219
1622
16220
16221
16222
16224
16225
16226
16227
16228
16229
1623
16230
16231
16238
16241
16242
16243
16244
16245
16246
16247
16248
16249
1625
16250
16251
16252
16253
16254
16255
16257
16258
16259
1626
16260
16261
16262
16263
16264
16265
16266
16267
16268
16269
1627
16270
16271
16272
16273
16274
16275
16278
16279
1628
16280
16283
16284
16285
16287
16288
16289
16290
16291
16292
16293
16294
16297
16298
16300
16301
16302
16303
16304
16305
16306
16307
16308
16309
16310
16311
16312
16313
16314
16315
16316
16317
16318
16319
1632
16320
16321
16322
16323
16324
16325
16326
16327
16328
16329
16330
16331
16332
16333
16334
16335
16336
16338
1634
16340
16341
16342
16343
16345
16346
16347
16349
1635
16350
16351
16352
16353
16354
16355
16356
16357
16358
16359
16360
16361
16362
16363
16364
16365
16366
16367
16368
16369
16370
16372
16373
16374
16375
16376
16377
16378
16379
1638
16380
16382
16383
16385
16386
16387
16388
16389
16390
16391
16392
16393
16394
16395
16396
16397
16398
16399
164
16400
16401
16402
16403
16404
16405
16406
16407
16408
16409
16410
16411
16412
16414
16415
16417
16418
16419
1642
16420
16421
16422
16423
16424
16425
16429
16430
16431
16432
16435
16436
16437
16438
16439
16440
16441
16442
16443
16444
16445
16446
16447
16448
16449
1645
16450
16451
16452
16453
16455
16456
16457
16458
16459
1646
16460
16461
16462
16463
16464
16465
16466
16467
16468
1647
16470
16471
16472
16473
16474
16475
16476
16477
16478
16479
1648
16480
16482
16483
16484
16485
16486
16487
16488
16489
1649
16490
16491
16492
16493
16494
16495
16496
16497
16498
16499
1650
16500
16501
16502
16503
16504
16505
16506
16507
16509
1651
16510
16511
16512
16513
16514
16515
16516
16517
16518
16519
1652
16520
16521
16522
16523
16524
16525
16526
16527
16528
16529
1653
16532
16533
16534
16535
16536
16537
16538
16539
1654
16540
16541
16542
16544
16546
16548
16549
1655
16550
16551
16552
16553
16558
16559
1656
16560
16561
16562
16563
16565
16566
16567
16568
16569
1657
16570
16571
16572
16573
16574
16575
16576
16577
16578
16579
16580
16582
16583
16584
16585
16586
16587
16588
16589
1659
16590
16591
16592
16593
16594
16595
16596
16597
16599
166
1660
16600
16601
16602
16603
16604
16605
16606
16607
16608
16609
1661
16610
16611
16612
16613
16615
16617
16618
16619
1662
16620
16621
16622
16623
16627
16629
1663
16631
16635
16637
1664
16640
16641
16642
16643
16644
16645
16646
16647
16648
16649
1665
16650
16651
16652
16653
16654
16655
16657
16658
16659
1666
16660
16661
16662
16663
16664
16665
16666
16667
16668
16669
1667
16670
16671
16672
16674
16675
16676
16677
16678
16679
1668
16680
16683
16684
16685
16686
16687
1669
16690
16691
16692
16693
16694
16696
16697
16699
1670
16701
16706
16707
16708
16709
1671
16710
16711
16712
16713
16714
16715
16716
16717
16718
16719
1672
16720
16721
16722
16723
16724
16725
16726
16727
1673
16731
16732
16733
16734
16735
16736
16737
16738
16739
1674
16740
16741
16742
16743
16744
16745
16746
16748
16749
1675
16750
16751
16752
16753
16754
16755
16756
16757
1676
16760
16761
16763
16764
16765
16766
16767
16768
16769
16770
16771
16773
16775
16776
16777
16778
1678
16780
16783
16786
16787
16788
16789
16790
16793
16794
16795
16796
16797
16798
16799
168
1680
16800
16801
16802
16803
16804
16805
16806
16807
16808
16809
1682
16821
16822
16823
16824
16825
16826
16827
16828
16829
1683
16831
16833
16834
16835
16836
16837
16838
16839
1684
16840
16841
16842
16843
16844
16845
16846
16847
16848
1685
16850
16851
16852
16853
16854
16855
16856
16857
16858
16859
1686
16860
16861
16862
16863
16864
16865
16866
16867
16871
16872
1688
16883
16884
16885
16886
16887
16888
16889
1689
16890
16891
169
1690
16900
16901
16902
16903
16905
16907
16908
16909
16910
16911
16912
16913
16914
16915
16916
16917
16918
16919
1692
16920
16921
16923
16924
16925
16926
16927
16928
1693
16930
16931
16932
16933
16934
16935
16936
16938
16939
1694
16940
16941
16942
16943
16944
16945
16946
16947
16948
16949
1695
16950
16951
16953
16954
16955
16956
16957
16958
16959
1696
16960
16961
16962
16963
16964
16965
16966
16967
16968
16969
1697
16970
16971
16972
16973
16974
16975
16976
16977
16978
16979
1698
16982
16983
16984
16985
16986
16988
16989
1699
16990
16991
16992
16993
16994
16995
16996
16997
16998
16999
1700
17000
17001
17002
17003
17004
17005
17006
17007
17008
1701
17010
17011
17012
17013
17014
17015
17016
17017
17018
17019
1702
17020
17021
17022
17023
17024
17025
17026
17027
17028
17029
1703
17030
17031
17032
17033
17034
17035
17036
17037
17038
17039
1704
17040
17041
17043
17044
17045
17046
17048
17049
1705
17050
17051
17052
17053
17054
17055
17056
17058
1706
17060
17061
17062
17063
17064
17065
17066
17067
17068
1707
17071
17072
17073
17074
17075
17076
17077
17078
17079
1708
17080
17082
17083
17084
17085
17086
17088
17089
1709
17090
17091
17092
17093
17094
17095
17096
17097
17098
17099
171
1710
17100
17101
17103
17104
17105
17106
17107
17108
17109
1711
17110
17111
17112
17113
17114
17115
17116
17117
17118
17119
1712
17120
17121
17122
17123
17124
17125
17126
17127
17128
17129
1713
17130
17131
17132
17133
17134
17135
17136
17138
17139
1714
17141
17142
17144
17145
17146
17147
17148
17149
1715
17150
17152
17153
17155
17156
17157
17158
17159
1716
17160
17161
17162
17163
17164
17165
17166
17167
17168
1717
17170
17171
17172
17173
17174
17176
17177
17178
17179
1718
17180
17182
17184
17185
17186
17187
17188
17189
1719
17190
17191
17192
17193
17194
17195
17196
17197
17198
17199
1720
17200
17201
17202
17203
17204
17206
17207
17209
1721
17210
17211
17212
17214
17215
17216
17217
17218
17219
1722
17220
17222
17223
17224
17225
17226
17227
17228
17229
1723
17230
17231
17233
17234
17235
17236
17237
17239
1724
17240
17241
17242
17243
17244
17246
17247
17248
17249
1725
17250
17251
17253
17254
17256
1726
17262
17263
17264
17265
17266
17267
1727
17270
17271
17272
17273
17275
17276
17277
17278
17279
1728
17282
17283
17284
17285
17286
17287
17288
1729
17291
17292
17293
17294
17295
17296
17297
17299
1730
17300
17301
17302
17303
17304
17305
17307
1731
17310
17312
17313
17314
17315
17317
17318
17319
1732
17320
17321
17322
17323
17324
17325
17326
17327
17328
17329
1733
17330
17331
17332
17333
17334
17335
17336
17337
17338
17339
1734
17340
17341
17342
17343
17344
17345
17346
17347
17348
17349
1735
17350
17351
17352
17353
17354
17355
17356
17357
17358
17359
1736
17360
17361
17362
17363
17364
17365
17366
17367
17368
17369
1737
17370
17371
17372
17373
17374
17375
17376
17377
17378
17379
1738
17380
17382
17383
17384
17385
17386
17387
17388
17389
1739
17390
17391
17392
17393
17394
17395
17396
17397
17398
17399
1740
17400
17401
17402
17403
17404
17405
17406
17407
17408
17409
1741
17410
17411
17412
17413
17415
17416
17417
17418
17419
1742
17420
17421
17422
17423
17424
17426
17427
17428
17429
1743
17430
17432
17435
17436
17439
1744
17440
17441
17442
17443
17444
17445
17446
17447
17448
17449
1745
17450
17451
17452
17453
17454
17457
17458
17459
1746
17460
17462
17463
17464
17466
17467
17468
17469
1747
17470
17471
17472
17474
17475
17476
17477
17478
17479
1748
17480
17482
17483
17484
17485
17486
17487
17488
17489
1749
17490
17491
17492
17493
17494
17495
17496
17497
17498
17499
1750
17500
17501
17503
17504
17505
17506
17507
17508
17509
1751
17510
17511
17512
17513
17514
17515
17516
17517
17518
17519
1752
17520
17521
17522
17523
17524
17525
17526
17527
17528
17529
1753
17530
17531
17532
17533
17534
17535
17536
17537
17538
17539
1754
17540
17541
17542
17543
17544
17545
17546
17547
17548
17549
17550
17556
17557
17558
17560
17561
17563
17564
17565
17566
17567
17568
17569
1757
17570
17571
17572
17573
17574
17575
17576
17577
17578
17579
1758
17580
17582
17583
17584
17585
17586
17587
17588
17589
1759
17590
17591
17592
17593
17594
17595
17596
17597
17598
17599
1760
17600
17601
17602
17603
17604
17605
17606
17607
17608
17609
1761
17610
17611
17612
17613
17614
17615
17616
17617
17618
17619
1762
17620
17621
17624
17625
17627
17628
17629
1763
17630
17631
17632
17633
17634
17635
17636
17637
17638
17639
1764
17640
17641
17642
17643
17644
17645
17646
17647
17648
17649
1765
17650
17651
17652
17653
17654
17655
17656
17657
17658
17659
1766
17660
17661
17662
17663
17664
17665
17666
17667
17668
17669
1767
17670
17671
17674
17677
17678
17679
1768
17682
17683
17684
17685
17688
17689
1769
17690
17691
17693
17694
17695
17696
17697
17698
17699
1770
17700
17701
17702
17703
1771
17710
17711
17712
17713
17714
17715
17716
17717
17718
17719
1772
17720
17722
17723
17724
17725
17726
17727
17728
17729
17730
17731
17732
17733
17734
17735
17736
17737
17738
17739
1774
17740
17741
17742
17743
17744
17745
17746
17747
1775
17750
17751
17752
17753
17754
17755
17756
17757
17758
1776
17760
17761
17762
17763
17764
17765
17766
17767
17768
17769
1777
17770
17771
17772
17773
17774
17775
17776
17777
17778
17779
1778
17780
17782
17783
17784
17785
17786
17787
17788
17789
17790
17792
17793
17794
17795
17796
17797
17798
17799
17801
17802
17803
17804
17806
17807
17808
17809
17820
17821
17822
17823
17824
17825
17826
17828
17829
17830
17831
17832
17833
17834
17835
17836
17837
17838
17839
17840
17841
17842
17844
17846
17847
17848
17849
17850
17851
17852
17853
17854
17855
17856
17857
17858
17859
17860
17861
17862
17863
17864
17865
17866
17867
17868
17869
17870
17871
17872
17873
17874
17875
17876
17877
17878
1788
17880
17882
17884
17885
17886
17887
17888
17889
17890
17891
17892
17893
17894
17895
17896
17897
17898
17899
1790
17900
17901
17902
17903
17904
17905
17906
17907
17908
17909
17910
17911
17912
17913
17914
17915
17916
17917
17918
17919
17920
17921
17922
17923
17924
17925
17926
17927
17928
17929
17930
17931
17932
17933
17934
17935
17936
17937
17938
17939
17940
17941
17942
17946
17947
17948
17949
17950
17952
17953
17954
17955
17956
17957
17958
17959
17960
17962
17963
17964
17965
17966
17967
17968
17970
17971
17972
17974
17975
17976
17977
17979
1798
17980
17982
17983
17984
17985
17986
17987
17988
17989
17990
17991
17992
17993
17994
17996
17997
17998
17999
18000
18001
18002
18003
18004
18005
18006
18007
18008
18009
1801
18010
18011
18012
18013
18014
18015
18016
18017
18018
18020
18021
18022
18023
18024
18025
18026
18027
18028
18029
18030
18031
18032
18034
18035
18036
18038
18039
18040
18041
18042
18043
18044
18045
18046
18047
18048
18049
1805
18050
18051
18052
18053
18054
18055
18056
18057
18060
18061
18063
18064
18065
18067
18068
18069
18071
18072
18073
18074
18075
18076
18077
18078
18079
1808
18080
18082
18083
18084
18086
18087
18088
18089
18090
18092
18093
18094
18095
18096
18097
18098
18099
18200
18201
18202
18204
18205
18206
18207
18208
18209
18210
18211
18212
18213
18214
18215
18216
18217
18218
18219
1822
18220
18221
18223
18224
18225
18227
18229
1823
18230
18231
18232
18233
18234
18235
18236
18237
18238
18239
1824
18240
18241
18242
18243
18244
18245
18247
18248
18249
18250
18251
18252
18253
18254
18255
18256
18257
18258
18259
18260
18261
18262
18263
18264
18265
18266
18267
18268
18269
1827
18270
18271
18273
18274
18275
18276
18277
18279
18280
18282
18283
18284
18285
18286
18287
18288
18289
18290
18291
18292
18293
18294
18295
18296
18297
18298
18299
18300
18301
18302
18303
18304
18305
18306
18307
18308
18309
18310
18311
18312
18313
18314
18315
18316
18317
18318
18319
1832
18320
18321
18322
18323
18324
18326
18327
18328
18329
1833
18330
18331
18332
18333
18334
18335
18336
18337
18338
18339
18340
18341
18342
18343
18344
18345
18346
18347
18348
18349
18350
18351
18352
18353
18354
18355
18357
18358
18359
18360
18369
18370
18371
18376
18379
18380
18382
18383
18384
18385
18386
18387
18388
18389
18390
18391
18392
18393
18394
18395
18396
18397
18398
18399
18400
18401
18402
18403
18406
18407
18408
18409
18410
18411
18412
18413
18414
18415
18416
18417
18418
18419
18420
18421
18422
18423
18424
18425
18426
18427
18428
18429
18430
18431
18432
18433
18434
18435
18436
18437
18438
18439
18440
18441
18442
18443
18444
18445
18446
18447
18448
18449
18450
18452
18453
18454
18455
18457
18458
18459
18460
18461
18462
18463
18464
18465
18466
18467
18468
18469
18470
18471
18472
18473
18474
18475
18476
18477
18478
18479
18480
18482
18483
18484
18485
18486
18487
18488
18489
1849
18490
18491
18492
18493
18494
18495
18496
18497
18498
18499
18500
18501
18502
18503
18504
18505
18506
18507
18508
18509
1851
18510
18511
18512
18513
18514
18515
18516
18517
18518
18519
18520
18521
18522
18523
18524
18525
18526
18527
18528
18529
18530
18531
18532
18533
18534
18535
18536
18537
18538
18539
18540
18541
18542
18543
18544
18545
18546
18547
18548
18549
18550
18551
18552
18553
18554
18555
18556
18557
18558
18559
18560
18561
18562
18563
18564
18565
18566
18567
18568
18569
18570
18571
18576
18577
18578
18579
18580
18582
18583
18584
18585
18586
18587
18588
18589
18590
18591
18592
18593
18594
18600
18601
18602
18603
18604
18605
18606
18607
18617
18619
18620
18621
18622
18623
18624
18625
18626
18627
18628
18629
18630
18631
18632
18633
18634
18635
18636
18637
18638
18639
18640
18641
18642
18643
18644
18645
18646
18647
18648
18649
18650
18651
18652
18653
18654
18655
18656
18657
18658
18659
18660
18661
18662
18663
18664
18665
18666
18667
18668
18669
18672
18673
18674
18675
18676
18677
18678
18679
18682
18686
18687
18689
18690
18691
18692
18693
18694
18695
18696
18697
18698
18699
1870
18700
18701
18702
18703
18704
18705
18706
18707
18708
18709
18710
18711
18712
18713
18714
18715
18716
18717
18718
18719
1872
18720
18721
18722
18723
18724
18725
18726
18727
18728
18729
18730
18731
18732
18733
18734
18735
18736
18737
18738
18739
18740
18741
18743
18744
18745
18746
18747
18748
18749
18750
18751
18752
18753
18754
18755
18756
18757
18758
18759
18760
18761
18762
18763
18764
18765
18766
18767
18768
18769
18770
18771
18772
18773
18774
18775
18776
18779
18780
18782
18783
18785
18786
18787
18788
18789
18790
18791
18793
18794
18795
18797
1880
18803
18804
18805
18806
18807
18808
18809
1882
18820
18821
18822
18823
18824
18825
18828
18829
1883
18830
18831
18833
18834
18835
18836
18837
18838
18839
1884
18840
18841
18842
18843
18845
18846
18847
18849
1885
18850
18852
18853
18854
18855
18856
18857
18859
18860
18867
1887
18873
18875
18876
18877
18878
18879
1888
18880
18882
18883
18884
18885
18886
18887
18889
1889
18890
18893
18894
18895
18896
18897
18898
18899
1890
18900
18901
18902
18903
18904
18905
18906
18907
18908
18909
1891
18910
18911
18912
18913
18914
18915
18916
18917
18918
18919
1892
18920
18921
18922
18923
18924
18925
18926
18927
18928
18929
18930
18931
18932
18933
18934
18935
18936
18937
18938
18939
18941
18942
18943
18944
18945
18946
18947
1895
18952
18953
18954
18955
18956
18957
18958
18959
1896
18960
18961
18962
18963
18964
18965
18966
18967
18968
18969
18970
18971
18972
18973
18974
18975
18976
18977
18978
18979
18980
18982
18983
18984
18985
18986
18987
18988
18989
1899
18990
18991
18992
18993
18994
18995
18996
18997
18998
18999
1900
19000
19001
19002
19003
19004
19005
19006
19007
19008
19009
1901
19010
19012
19014
19015
19016
19017
19026
19028
19029
19030
19031
19032
19033
19034
19035
19036
19037
19038
19039
19040
19041
19042
19043
19044
19045
19046
19048
19049
19050
19051
19052
19053
19054
19055
19056
19057
19058
19059
19060
19061
19062
19063
19064
19065
19066
19067
19068
19069
19070
19071
19072
19073
19074
19075
19076
19077
19078
19079
19080
19082
19083
19084
19085
19086
19087
19088
19089
19090
19091
19092
19093
19094
19095
19096
19097
19098
19099
19100
19101
19102
19103
19104
19105
19106
19107
19108
19109
19110
19111
19112
19114
19115
19116
19117
19118
19119
19120
19121
19123
19124
19125
19126
19127
19128
19129
19130
19131
19132
19134
19135
19136
19137
19138
19139
19140
19142
19143
19144
19145
19146
19147
19149
19150
19151
19152
19153
19154
19155
19157
19158
19159
19160
19161
19162
19163
19164
19165
19166
19168
19169
19170
19171
19173
19174
19175
19176
19177
19178
19179
19180
19182
19183
19184
19185
19186
19187
19188
19189
1919
19190
19192
19193
19194
19195
19196
19197
1920
19200
19201
19202
19203
19204
19205
19206
19207
19208
19209
1921
19210
19211
19212
19213
19214
19215
19216
19217
19218
19219
1922
19220
19221
19222
19223
19224
19225
19226
19227
19228
1923
19230
19231
19232
19233
19234
19235
19236
19237
19238
19239
1924
19240
19241
19242
19243
19244
19245
19246
19247
19248
19249
1925
19250
19251
19252
19253
19254
19255
19256
19257
19258
19259
1926
19260
19261
19262
19263
19264
19265
19266
19267
19268
19269
1927
19270
19271
19272
19273
19274
19275
19276
19278
19279
19280
19282
19283
19284
19285
19286
19287
19288
19290
19291
19292
19293
19294
19295
19296
19297
19298
19299
1930
19300
19301
19302
19304
19305
19309
1931
19310
19311
19313
19314
19315
19316
19317
19318
19319
19320
19321
19322
19324
19325
19326
19327
19328
19329
1933
19330
19331
19332
19333
19334
19335
19336
19337
19338
19339
1934
19340
19341
19343
19344
19345
19346
19348
19349
1935
19350
19351
19352
19353
19354
1936
19366
1937
1938
19382
19383
19384
19385
19386
19387
19388
19389
1939
19390
19391
19392
19393
1940
1942
1943
1944
19442
19443
19445
19446
19447
19448
19449
1945
19450
19451
19452
19453
19454
19455
19457
19458
19459
1946
19460
19461
19462
19463
19464
19465
19466
19467
19468
19469
1947
19470
19471
19472
19473
19474
19475
19476
19477
19478
19479
1948
19480
19482
19483
19484
19485
19486
19487
19488
19490
19491
19492
19493
19494
19495
19496
19497
19498
1950
19500
19501
19502
19503
19505
19506
19508
19509
19511
19512
19513
19514
19515
19516
19517
19522
19524
19525
19526
19527
19528
19529
19530
19531
19537
19539
1954
1955
1956
1957
1958
1959
1960
1961
2
2009
2010
2011
2012
2013
2014
2015
2016
2017
2018
2021
2022
2023
2024
2025
2026
2027
2028
2029
2030
2032
2033
2034
2035
2036
2037
2038
2039
2040
2041
2042
2043
2044
2045
2046
2047
2048
2049
2051
2052
2053
2054
2055
2056
2057
2058
2059
2060
2061
2063
2064
2065
2066
2068
2069
2071
2073
2074
2075
2076
2077
2078
2079
2080
2083
2084
2085
2086
2087
2088
2089
2090
2091
2092
2093
2094
2096
2097
2098
2099
2100
2101
2102
2103
2104
2105
2106
2111
2112
2113
2114
2116
2117
2118
2119
2120
2121
2123
2125
2126
2128
2129
2130
2131
2132
2133
2134
2135
2136
2137
2138
2139
2140
2141
2142
2144
2145
2146
2147
2148
2149
2150
2151
2152
2154
2155
2156
2157
2158
2160
2161
2163
2164
2165
2166
2167
2168
2169
2170
2171
2172
2174
2175
2176
2177
2178
2180
2182
2183
2184
2186
2187
2188
2189
2190
2191
2192
2194
2195
2196
2197
2198
2206
2221
2222
2226
2228
2230
2235
2242
2246
2250
2251
2256
2258
2260
2261
2262
2264
2266
2267
2269
2270
2271
2273
2274
2275
2276
2278
2279
2280
2283
2284
2286
2306
2309
2328
2333
2334
2335
2336
2337
2340
2341
2350
2353
2355
2356
2357
2358
2360
2361
2362
2365
2368
2369
2374
2387
2389
2390
2391
2392
2393
2394
2395
2397
2398
2399
24
2401
2402
2403
2404
2405
2406
2407
2409
244
2454
2459
2475
248
2487
249
251
252
2534
2536
2537
2538
2539
2540
2541
2542
2543
2544
2546
2547
2548
2549
2550
2551
2553
2556
2557
2558
2560
2564
2566
2568
2570
2572
2573
2574
2593
2597
2600
2601
2604
2605
2607
2608
2609
2610
2611
2612
2614
2616
2618
2619
2621
2627
2631
2636
2637
2638
2640
2641
2691
2692
2693
2694
2696
2697
2698
2699
2700
2701
2702
2703
2708
2722
2724
2725
2732
2733
2736
2737
2738
2739
2741
2742
2749
2751
2752
2753
2754
2755
2756
2757
2758
2759
2760
2761
2762
2763
2764
2766
2767
2768
2769
2770
2780
2782
2786
2794
2797
2798
2799
2803
2804
2805
2807
2821
2822
2823
2826
2827
2829
2834
2837
2838
2842
2843
2845
2846
2847
2849
2850
2851
2853
2855
2856
2858
2859
2860
2861
2864
2866
2867
2868
2869
2870
2873
2876
2877
2884
2886
2889
2891
2892
2894
2897
2898
2899
29
2900
2901
2902
2903
2904
2905
2906
2907
2908
2910
2912
2913
2914
2916
2917
2919
2920
2922
2923
2926
2928
2929
2931
2932
2948
2949
2950
2955
2956
2957
2959
2960
2962
2963
2964
2966
2967
2968
2969
2970
2977
2978
2984
2985
2990
2991
2993
2994
2995
2996
2997
3000
3001
3002
3003
3005
3006
3007
3008
3009
3010
3012
3013
3014
3016
3018
3019
3022
3023
3026
3053
3054
3055
3056
3060
3062
3063
31
32
325
3266
3268
3269
3270
3271
3272
3273
3274
3276
3277
3279
3280
3282
3283
3284
3285
3286
3287
3288
3289
3290
3293
3294
3296
3297
3298
3299
33
3300
3301
3303
3306
3307
3310
3311
3312
3313
3314
3318
3320
3322
3323
3324
3326
3327
3328
3329
3330
3331
3332
3335
3336
3337
3344
3345
3346
3348
3349
3350
3352
3353
3356
3358
3362
3382
3383
3390
3392
3393
3398
3399
34
3400
3404
3408
3412
3421
3424
3425
3428
3432
3437
3444
3445
3446
3447
3448
3449
3457
3462
3463
3464
3467
3468
3471
3472
3473
3474
3475
3476
3480
3486
3487
3488
3489
3490
3491
3492
3493
3494
3495
3496
3497
3498
3499
35
3500
3501
3513
3518
3519
3520
3537
3544
3545
3550
3559
3569
3582
3587
3590
3594
3596
3600
3602
3606
3608
3626
3632
3633
3635
3637
3639
3641
3643
3646
3648
3650
3651
3654
3658
3661
3663
3665
3666
3667
3668
3669
3670
3671
3682
3689
3694
3699
3718
3724
3725
373
3731
3738
376
377
378
3851
3858
3859
3861
3867
3874
3895
3896
4025
403
405
407
4073
4074
4075
4078
4079
4080
4083
4084
4086
4087
4088
4089
4091
4093
4094
4095
4097
4098
4105
4107
4108
4110
4111
4113
4118
4119
4120
4121
4123
4126
4127
4128
4129
4132
4134
4135
4136
4137
4138
4139
4141
4142
4143
4145
4146
4148
4149
4150
4152
4153
4154
4155
4157
4158
4159
4161
4162
4163
4164
4166
4167
4169
4175
4183
4187
4188
4189
4190
4191
4192
4193
4194
4195
4196
42
4202
4203
4211
4212
4213
4215
4219
4222
4223
4224
4229
4230
4232
4233
4234
4235
4237
4238
4239
4240
4241
4242
4243
4244
4246
4247
4251
4255
4256
4257
426
4262
4263
4265
4266
4268
4269
4271
4272
4273
4275
4277
4285
4286
4287
429
4291
4293
4295
4296
4297
4298
4299
430
4300
4301
4302
4303
4304
4305
4307
4308
4309
4310
4311
4312
4315
4316
4319
4326
4327
4328
4333
4334
4336
4337
4338
4339
4340
4342
4343
4344
4345
4346
4347
4357
4358
4359
4360
4362
4364
4365
4370
4389
4399
4409
4411
4414
4415
4416
4417
4418
4419
4420
4421
4423
4430
4434
4435
4439
4440
4441
4444
4445
4450
4451
4454
4457
4458
4471
4473
4476
4477
4479
4480
4482
4485
4486
4487
4490
4495
4496
45
450
4507
4509
4520
4521
4530
4532
4533
4536
4537
4541
4542
4544
4547
4551
4552
4554
4556
4557
4558
4559
4561
4563
4564
4565
4566
4567
4568
4569
457
4570
4571
4572
4573
4574
4575
4576
4577
4578
4579
4580
4586
4587
4588
4589
4590
4591
4592
4593
4594
4595
4596
4597
4598
4601
4602
4604
4619
4620
4621
4624
4625
4627
4630
4631
4632
4633
4634
4635
4637
4638
4639
4640
4641
4642
4643
4644
4645
4646
4647
4648
4649
4651
4652
4653
4654
4655
4657
4658
4659
4660
4662
4663
4664
4665
4666
4667
4669
4671
4672
4685
4691
4694
4706
4710
4711
4712
4715
4716
4722
4723
4741
4742
4743
4746
4748
4762
4763
4764
4765
4766
4767
4768
4769
477
4770
4771
4772
4773
4774
4775
4776
4777
478
4780
4790
4791
4793
4796
4797
4798
4799
4800
4801
4802
4803
4804
4805
4806
4821
4822
4823
4824
4825
4826
4827
4828
4829
4831
4840
4841
4843
4846
4847
4848
4849
4850
4853
4854
4856
4857
4858
4859
4860
4861
4862
4863
4864
4865
4866
4867
4868
4869
4870
4871
4872
4882
4884
4889
4890
4896
4898
49
4910
4911
4913
4914
4918
4921
4925
4927
4936
4937
4945
4946
4947
4948
4965
4967
4968
4969
4971
4972
4973
4974
4975
4976
4979
4980
5
50
500
5000
5002
5004
5005
5006
5007
5008
5013
5014
5015
5016
5018
5019
5020
5021
5022
5024
5025
5026
5029
5033
5040
5049
5050
5052
5055
5056
5057
5063
5064
5068
5071
5072
5073
5074
5075
5078
5080
5089
509
5091
5097
5100
5110
5111
5113
5114
5115
5151
5157
5158
5159
5160
5161
5162
5165
5172
5178
5179
518
5187
5189
5190
5194
5195
5196
5197
5198
5201
521
5212
5217
5218
5221
5222
5223
5227
5228
5229
523
5230
5231
5232
5234
5235
5236
5237
5238
524
5240
5241
5242
5243
5249
5250
5251
5252
5253
5254
5256
5257
5258
5259
5260
5261
5262
5263
5264
5265
527
5295
5296
5297
5298
5299
5300
5301
5302
5303
5304
5305
5306
5307
5308
5309
5310
5311
5312
5313
5314
5315
5316
5317
5318
5319
5320
5321
5322
5324
5326
5329
5331
5332
5333
5334
5336
5342
5344
5347
5349
535
5350
5351
5352
5354
5355
5360
5362
5365
5367
5368
5369
537
5370
5378
538
5380
5383
5388
539
5391
5392
5397
540
5400
5401
5403
5405
542
5422
5425
5427
5429
543
5437
5439
5440
5447
5448
5451
5452
5453
5457
5458
546
5470
5478
5483
5484
5485
5491
5498
5500
5502
5503
5504
5505
5506
5508
5509
5510
5515
5519
5520
5521
5522
5523
5526
5547
5548
5549
5550
5559
556
5560
5573
5574
560
5610
5612
5621
5622
5623
5627
5649
5653
5654
5659
5660
5665
5666
567
5679
568
5682
5683
5685
5687
5688
5690
5691
5693
5694
5696
570
5702
5703
5704
5705
5706
5708
5709
571
5711
5712
5713
5714
5715
5716
5717
5718
5719
5720
5721
5722
5723
5724
5725
5726
5727
5728
5729
573
5730
5731
5733
5734
5735
5736
5737
5738
5739
5740
5741
5742
5743
5744
5745
5746
5747
5748
5749
5750
5751
5752
5753
5754
5755
5756
5757
5758
5759
5760
5761
5762
5763
5764
5765
5766
5767
5768
5769
577
5772
5773
5774
5775
5776
5777
5778
5779
578
5783
5785
5786
5787
5789
5790
5791
5792
5793
5794
5795
5796
580
5801
5802
5803
5804
5805
5806
5820
5821
5823
5824
5826
5827
5828
5830
5831
5833
5835
5840
5841
5844
5845
5846
5847
5848
5849
5851
5853
5854
5856
5857
5859
5860
5861
5863
5864
5865
5869
5873
5878
5883
589
5890
5892
5893
5894
5896
5897
590
591
5913
5916
592
5920
5921
594
5955
5956
5957
5960
5961
5962
597
5972
5978
598
5983
5988
5989
599
5990
5997
6000
6009
6010
6011
6012
6014
6015
6016
6017
6021
6022
6023
6024
6025
6026
6027
6028
6029
6032
6033
6034
6035
6036
6038
6039
6040
6041
6043
6044
6045
6046
6049
6050
6054
6056
6057
6059
6060
6061
6062
6063
6065
6066
6067
6068
6069
6070
6071
6072
6073
6074
6075
6077
6079
6080
6082
6083
6084
6087
6088
6089
609
6091
6092
6093
6094
6095
6096
6097
6098
6099
6100
6101
6103
6104
6105
6106
6107
6108
6111
6112
6113
6114
6115
6119
6120
6121
6123
6124
6125
6126
6127
6128
6129
6130
6131
6132
6133
6134
6135
6136
6137
6138
6139
6140
6141
6142
6143
6144
6145
6146
6147
6148
6149
6150
6151
6152
6153
6154
6155
6156
6157
6158
6159
6160
6161
6162
6163
6164
6165
6166
6168
6170
6171
6172
6173
6175
6176
6177
6178
6179
618
6180
6182
6183
6184
6185
6186
6187
6188
6189
619
6190
6191
6192
6193
6194
6195
6196
6197
6199
62
6200
6212
6213
6215
6216
6217
6218
6219
6220
6221
6222
6223
6224
6225
6226
6227
6228
6229
6231
6232
6233
6234
6235
6236
6237
6239
6240
6242
6245
6246
6247
6248
6249
6250
6251
6252
6253
6254
6255
6256
6257
6258
6260
6262
6263
6264
6265
6266
6267
6269
6270
6271
6272
6273
6274
6278
6279
6280
6283
6286
6289
629
6292
6295
6298
6301
6304
6307
6310
6311
6312
6315
6319
632
6321
6322
6324
6325
6326
6327
6329
6330
6331
6332
6333
6334
6335
6337
6341
6343
6344
6345
6346
6347
6353
6354
6357
6358
6360
6362
638
6390
6391
6392
6393
6396
6397
6398
6400
6401
6403
6404
6405
6406
6407
6408
6409
6410
6411
6412
6413
6414
6416
6450
6455
6458
6459
6464
6465
6466
6467
6468
6469
6470
6471
6473
6474
6475
6476
6477
6478
648
6480
6483
6484
6489
649
6491
6492
6493
6494
6495
6496
6497
6498
6499
6500
6501
6502
6503
6504
6505
6506
6507
6511
6528
6530
6534
6535
6536
6537
6538
6539
655
6555
6564
6582
6583
6584
66
6601
6603
6607
6610
6611
6618
6619
6620
6621
6622
6623
6626
6627
6629
6630
6632
6636
6638
6639
6640
6641
6642
6643
6644
6646
6647
6648
6649
6650
6651
6652
6653
6655
6656
6662
6666
6667
6668
6669
6670
6674
6689
669
6690
6691
6692
6699
670
6700
6703
6704
6707
6709
671
6710
6711
6717
672
6721
6722
6727
6728
6729
6730
6731
6732
6733
6734
6735
6736
6737
6738
674
6740
675
676
6764
6765
6766
6768
6769
677
6770
6771
6772
6773
6774
6775
6785
6789
679
6790
6791
6792
6793
6794
6795
6796
6797
6798
6799
680
6801
6802
6803
6804
6805
6807
6808
6809
682
6820
6821
6822
6823
6824
6825
6826
6827
6829
6830
6832
6833
6834
6835
6836
6837
6838
684
6840
6841
6842
6843
6844
6845
6846
6849
685
6850
6851
6853
6854
6855
6857
6859
686
6860
6861
6863
6864
6865
6866
6867
6869
687
6870
6872
6873
6874
6875
6876
6877
6878
6879
6880
6882
6884
6885
6886
6888
689
6890
6891
6892
6893
6894
6895
6896
6897
6898
6899
69
6900
6901
6902
6903
6904
6905
6906
6907
6908
6909
691
6910
6911
6912
6913
6914
6916
6917
6918
6919
692
6920
6921
6922
6923
6924
6925
6926
6927
6928
693
6930
6931
6932
6933
6934
6935
6936
6937
6938
6939
694
6940
6941
6942
6943
6944
6946
6947
6948
6949
695
6950
6951
6952
6953
6954
6955
696
6960
6973
6974
6975
6976
6977
6978
6979
698
6980
6982
6983
6984
6985
6986
6987
6989
699
6993
6994
70
700
7001
7004
7005
7006
7007
7008
701
7014
7015
7016
7017
7018
7019
702
7020
7021
7022
7023
7024
7025
7026
703
7030
7031
7032
7033
7034
7035
7038
704
7041
7042
7044
7046
7047
7048
705
7051
7053
7054
7055
7057
7059
7061
7062
7063
7064
7065
7066
7067
7068
7069
707
7070
7071
7072
7073
7074
7077
7079
708
7080
7083
7085
7086
7087
7088
709
7090
7091
7092
7093
7094
7095
7096
7098
7099
71
710
7100
7101
7102
7103
7104
7105
7106
7107
7108
7109
7110
7111
7112
7113
7114
7115
7116
7117
7118
7119
712
7120
7121
7122
7124
7125
7126
7127
7128
7129
713
7131
7132
7133
7134
7135
7137
7139
714
7140
7141
7143
7144
7145
7146
7147
7148
7149
7150
7151
7153
7154
7155
7156
7157
7159
7160
7161
7162
7163
7164
7165
7166
7167
7168
7169
717
7170
7171
7172
7173
7174
7175
7176
7177
7178
7179
718
7180
7182
7183
7184
7185
7186
7187
7188
7189
7190
7191
7192
7193
7194
7195
7196
7197
7198
7199
72
720
7200
7201
7203
7204
7206
7207
7208
7209
721
7210
7211
7212
7213
7214
7215
7217
7218
7219
7220
7221
7222
7223
7224
7226
7227
7228
7229
723
7230
7232
7233
7234
7235
7236
7239
7240
7241
7242
7243
7244
7245
7246
7247
7248
7249
725
7250
7251
7252
7253
7254
7255
7256
7257
7258
7259
7260
7261
7262
7263
7264
7265
7266
7267
7268
7269
727
7270
7271
7272
7274
7276
7277
7278
7279
7280
7282
7283
7284
7285
7286
7287
7288
7289
7290
7292
7293
7294
7295
7296
7297
7298
7299
73
7300
7301
7302
7303
7304
7305
7306
7307
7308
7309
7310
7311
7312
7313
7314
7315
7316
7317
7319
7321
7322
7323
7324
7325
7327
7328
7329
7330
7331
7332
7333
7334
7335
7336
7338
7339
7340
7341
7342
7343
7344
7345
7348
7350
7351
7352
7353
7354
7355
7356
7357
7358
7359
7360
7361
7362
7363
7364
7365
7366
7367
7369
7370
7371
7372
7373
7374
7375
7376
7377
7378
7379
7380
7382
7383
7384
7385
7386
7387
7388
7389
7390
7391
7392
7393
7394
7395
7396
7397
7398
7399
74
7400
7401
7402
7403
7404
7405
7406
7407
7408
7409
7410
7411
7412
7413
7414
7417
7419
7421
7422
7423
7426
7427
7428
7436
7437
7438
7439
7440
7441
7442
7443
7444
7445
7446
7447
7448
7449
7450
7451
7452
7453
7455
7456
7458
7459
7460
7461
7463
7464
7468
7469
7470
7472
7474
75
7524
7525
753
754
755
7551
756
757
7574
7582
7583
7584
7585
7589
759
7592
7593
7595
76
760
7603
7607
7608
7609
761
7610
7611
7612
7613
7614
7615
7616
7620
7621
7622
7623
7624
7629
763
7630
7631
7632
7634
7635
7636
7638
7639
7641
7642
7644
7646
7648
765
7653
7654
7655
7657
766
7668
767
7670
7672
7674
7675
7678
7679
768
7680
7682
7683
7684
7685
7686
7687
7688
7689
769
7690
7692
7693
7694
7696
7698
7699
770
7700
7701
7702
7703
7704
771
7718
7719
7720
7721
7722
7723
7724
7725
7726
7727
7728
7729
7730
7731
7732
7733
7734
7735
7794
7795
78
7858
7879
7880
7903
7918
7919
7938
7960
7978
8042
805
8063
8082
82
8223
8242
8243
8262
8263
8264
830
8302
833
834
8342
8343
835
836
8362
837
838
8402
8422
8423
8424
8442
8482
8483
8484
8485
8486
8487
8489
85
8504
8505
8506
8507
8508
8509
8510
8511
8512
8513
8514
8515
8516
8517
8518
8519
8520
8521
8522
8523
8524
853
8542
8543
8544
8545
8546
8547
8548
8549
8550
8551
8552
8553
8554
8555
8556
8557
8558
8559
8560
8561
8562
8563
8564
8565
8566
8567
8568
8569
857
8570
8571
8572
8573
8574
8575
8576
8577
8578
8579
858
8580
8582
8583
8584
8585
8586
8587
8588
8589
8590
86
8602
866
8662
8663
867
868
87
8709
8767
8768
8769
8770
8771
878
8787
8788
879
880
8807
8827
886
8887
8888
8889
8890
8891
8892
8893
8894
8895
8896
8897
8908
893
8947
8948
8967
897
898
8987
8988
899
90
901
9027
903
904
905
906
9067
907
9071
908
9087
9088
9090
9093
9094
9095
9096
9097
9098
9099
91
9100
9101
9102
9103
9104
9105
9107
9108
9109
911
9118
9119
912
9120
9129
9131
9135
9136
9137
9138
9139
9140
9143
915
916
9162
9163
9164
9166
9167
9168
9169
917
9170
9171
9172
9173
9175
9176
9177
9178
9179
9180
9182
9183
9184
9185
9186
9187
9188
9189
9191
9192
9193
9194
9195
9196
9197
9198
9199
92
9200
9201
9202
9203
9204
9205
9206
9209
9210
9211
9212
9213
9214
9215
9216
9217
9218
9221
9222
9223
9224
9225
9226
9227
9228
9229
9230
9231
9232
9233
9234
9240
9241
9242
9243
9244
9247
9248
9249
9250
9252
9253
9260
9262
9263
9264
9266
9269
927
9270
9271
9272
928
9280
9282
9283
9284
9285
929
93
930
9304
9305
9306
9308
931
9310
9312
9313
9314
9315
9316
932
933
9336
9337
934
935
937
9376
9377
9378
9379
938
939
9396
94
940
941
9416
942
943
9436
9437
944
9440
9442
9443
9444
9445
9446
9447
9448
9449
945
9450
9451
9452
9453
9455
9456
9457
9458
9459
946
9463
9464
9465
9466
9467
9468
947
9470
9471
9472
9473
9474
9475
9476
9477
9478
948
9480
9482
9483
9484
9485
9486
9487
9488
9489
949
9490
9492
9493
9494
9495
9496
9497
9498
9499
95
950
9500
9502
9503
9504
9507
9508
9509
951
9510
9511
9514
9515
9516
9517
9518
9519
952
9520
9521
9522
9523
9524
9525
9526
9527
9529
953
9530
9531
9532
9533
9534
9535
9536
9537
9539
954
9540
9541
9542
9543
9544
9545
9546
9547
9549
955
9550
9552
9553
9554
9555
9556
9557
9558
9559
956
9560
9561
9562
9563
9564
9566
9567
9568
9569
957
9570
9571
9572
9573
9574
9575
9576
9577
9578
9579
958
9580
9584
9589
959
9590
9594
9596
9598
96
960
961
9617
9618
962
9621
963
9631
9632
9638
9639
964
9640
9641
9642
9643
9644
9645
9646
9647
9648
9649
965
9650
9651
9652
9653
9654
9655
9656
9657
9658
966
9660
9661
9662
9663
9664
9665
9666
9667
9668
967
9672
9673
9674
9675
9676
9677
9678
9679
968
9680
9682
9683
9684
9687
9688
969
9690
9691
9692
9693
9694
9695
9696
9697
9698
97
970
9701
971
9712
9715
9718
9719
972
9720
9723
9724
9725
9726
9728
973
9734
9735
9736
9737
9738
9739
9740
9741
9742
9744
9748
975
9756
9757
9759
976
9760
9761
9767
977
9779
978
9780
9783
979
9798
9799
9800
9801
9802
982
9820
9824
9828
9829
983
9830
9831
9832
9833
984
9847
9848
9849
985
9850
9851
9852
9857
9858
9859
986
9861
987
9871
9873
9874
9875
9877
9879
988
9884
9885
9886
9887
989
9894
9895
9896
9897
9898
990
9903
9904
9907
9913
9918
9919
992
9921
9922
9923
9924
9926
993
9932
9934
9935
9936
994
9941
9942
9943
9945
9946
9947
9948
9949
995
9950
9953
9954
9955
9956
9957
9958
9959
996
9960
9961
9963
9964
9965
9966
9967
997
9970
9971
9972
9973
9989
999
9990
9992
9994
